60.0	0.3779812897258386
120.0	0.3793158975495261
180.0	0.4028531751041535
240.0	0.4028531751041535
300.0	0.4028531751041535
360.0	0.4028531751041535
420.0	0.4081156007409908
480.0	0.447415678807819
540.0	0.447415678807819
600.0	0.4490852268189184
660.0	0.4525840635458828
720.0	0.4557067366777541
780.0	0.4646496396816522
840.0	0.4646496396816522
900.0	0.46859678096715274
960.0	0.47477771565639254
1020.0	0.4768015273272546
1080.0	0.4763841403244797
1140.0	0.47757060152681197
1200.0	0.48517760847553265
1260.0	0.48517760847553265
1320.0	0.486088388138995
1380.0	0.4915363191103988
1440.0	0.4915363191103988
1500.0	0.497247049305772
1560.0	0.4999858294536095
1620.0	0.5010447557384272
1680.0	0.5010447557384272
1740.0	0.5010447557384272
1800.0	0.5027349154533673
1860.0	0.5039484295169905
1920.0	0.5039484295169905
1980.0	0.5068392209806536
2040.0	0.5083258401201664
2100.0	0.509331948913892
2160.0	0.509331948913892
2220.0	0.5129815087251919
2280.0	0.5129815087251919
2340.0	0.5182864460012007
2400.0	0.520852603129372
2460.0	0.5275359480997298
2520.0	0.5275359480997298
2580.0	0.5275359480997298
2640.0	0.5275359480997298
2700.0	0.5285343275045153
2760.0	0.5285343275045153
2820.0	0.5285343275045153
2880.0	0.5285343275045153
2940.0	0.5314779364592701
3000.0	0.5324763158640554
