=== Start repeat [ 0 ] ===
========Number of cpu: 20===========
Use5 cores.
Best Modularity:  0.5135792481365733
Best Chromosome:  [ 16 139  27  18  21  65  10 123  25  71   6  31  55  96  84  21 108  18
  26  70  88 137  86  16 103  12 133  70  70  37  26  73  22 119 137  78
  10  21  69  38  38  86  16  44 117 107  11 120 114 122  25  42 141   3
  24  74 116  47  74  93  94 111  52  96   2  55  70  90  27  93  53  68
 121   6  50  99 100  43 120 111  41  89  20 140 112 128 119  94  35  47
 109 140  99 120 100 127 104 129  89 101 102  94 108  98  67 119 117  94
  98 121  86  87 129 120  82  22   7  52 104  22  16  90 141 111  62 129
 126  95 129  83  74  26 140  30 133 131  58 109  12  72 128 104 141]
Best cluster:  [1 2 2 2 3 4 4 5 4 2 4 4 4 3 6 3 1 2 2 2 1 3 7 1 1 4 2 2 2 3 2 4 7 7 3 1 4
 3 1 1 1 7 1 3 3 5 4 1 4 3 4 3 3 2 4 4 5 1 4 1 5 5 3 3 2 4 2 3 2 1 2 2 3 4
 4 5 1 3 1 5 7 1 1 6 6 6 7 5 1 1 3 6 5 1 5 8 3 6 1 5 1 5 1 1 3 7 3 5 1 3 7
 5 6 1 1 7 5 3 3 7 1 3 3 5 3 6 6 8 6 6 4 2 6 2 2 2 4 3 4 2 6 3 3]
Time:  50.86425304412842
NFE:  3000
=== Start repeat [ 1 ] ===
========Number of cpu: 20===========
Use5 cores.
Best Modularity:  0.5324763158640554
Best Chromosome:  [106 131  68  64  71  56  74  61   5  47  11  36   5 117  84 122  59  18
  26  53  57 139  86 114 100  50  18   3   3 122   1  11 119  81  52  16
  73  62  40  38  16  80 116 104 117 107  12  64   5  67   8  99  49 135
  16  31  73 103  74  24  16 111  52  21   1 111  19 142   3  89   1  67
 118  25  55 114  43  43  89 111  33  90 104 126 132  84 110  94  35 100
  37 140  43 101  55 125 104  95 108  75  40 104  42  16  75 119 117  25
  89 103  90  74  85 120  24  81  75 141  52  81  40 104  72  69  62  84
 140  16  84 125   7  30 140 134  71   2 130 109 136 133  84  49 141]
Best cluster:  [1 2 2 2 1 3 3 3 3 4 3 3 3 1 5 1 4 2 2 2 4 1 6 4 4 3 2 2 2 1 2 3 6 6 1 4 3
 1 4 4 4 6 4 4 1 3 3 2 3 1 3 4 1 2 4 3 3 4 3 4 4 3 1 1 2 3 2 1 2 4 2 1 1 3
 3 4 4 4 4 3 6 6 4 5 5 5 6 3 4 4 6 5 4 4 3 5 4 5 4 4 4 4 4 4 4 6 1 3 4 4 6
 3 5 4 4 6 4 1 1 6 4 4 1 4 1 5 5 4 5 5 3 2 5 1 1 2 3 4 3 1 5 1 1]
Time:  46.8470618724823
NFE:  3000
=== Start repeat [ 2 ] ===
========Number of cpu: 20===========
Use5 cores.
Best Modularity:  0.4933153667981522
Best Chromosome:  [ 71  28   1  68  71  48  11 123  15  69   6  74 138  71 128  25  47 131
   2 131  16 110 110  24  89   5 135  19  70  43  17 102 119 119 104  59
  58  29  23  31 114  80  60  76  96 107  12  59  12  34  46  42 117  28
  31  50 101  35  65 103 100  92  52  72   1 138   2  21 135  20  68 133
 142  10 130  40  36 104 101 111 114 114  89 112  14  14 115  77  35  47
 110  83  54 120  42 127 104 129 109  42 117  78  99  40  31 115  87  73
  77 137  90  93  14  78 127  86 102 142  76  81 101   7  29  89  52 129
 140  16  84  14  65   2 140 139 139 131 130   7  25  21  84 142 141]
Best cluster:  [1 2 2 2 1 3 3 4 3 4 3 3 3 1 5 3 4 2 2 2 4 1 1 4 4 3 2 2 2 6 2 6 4 4 6 4 3
 6 4 6 4 4 6 6 6 3 3 4 3 6 3 6 6 2 6 3 7 4 3 4 6 6 6 6 2 3 2 1 2 4 2 1 6 3
 3 4 6 6 7 7 4 4 4 5 5 5 8 6 4 4 1 5 6 7 6 4 6 5 4 6 6 7 6 4 6 8 6 3 6 4 1
 7 5 7 4 8 6 6 6 4 7 4 6 4 6 5 5 4 5 5 3 2 5 1 1 2 3 4 3 1 5 6 6]
Time:  63.285908937454224
NFE:  3000
=== Start repeat [ 3 ] ===
========Number of cpu: 20===========
Use5 cores.
Best Modularity:  0.5236699653981022
Best Chromosome:  [ 16  27  64 135  71  25  73 123  58  36  11  74  31 104  84 106 100 131
   3 131  36 125  90  38  16   6  17   2  18  64   1  73  22  14  75  16
  16  90  59  36  39  80 141  77 118 107 138  59  46 108  58  60  94  28
  31 136  51  81  40  23 104 111  52  52 135   8  19 104 135 123  66  30
  13  46  12 104  45  43  89 111  33 110  20  97 125  83  22 106  35 100
  21 140  99 101 117 125  74 125 109  76  47  78 108  89  76 115  34  94
  76 121 105  87  84  82  59  86  94 124 104  14  47  59 117 109 106 129
  32  90 125  84 138  27 140  71 133  27  25 109   8 133 128  94  45]
Best cluster:  [1 2 2 2 2 3 3 1 3 1 3 3 3 4 5 4 1 2 2 2 1 5 5 1 1 3 2 2 2 2 2 3 5 5 4 1 1
 5 1 1 1 5 4 4 4 4 3 1 3 4 3 4 4 2 3 3 4 1 3 1 4 4 4 4 2 3 2 4 2 1 2 2 4 3
 3 4 4 4 1 4 5 5 1 5 5 5 5 4 4 1 5 5 4 1 4 5 3 5 1 4 1 1 4 1 4 5 4 4 4 1 5
 4 5 1 1 5 4 4 4 5 1 1 4 1 4 5 5 5 5 5 3 2 5 2 2 2 3 1 3 2 5 4 4]
Time:  43.56383180618286
NFE:  3000
=== Start repeat [ 4 ] ===
========Number of cpu: 20===========
Use5 cores.
Best Modularity:  0.5114613955669378
Best Chromosome:  [ 16  18 131  27  71  25  23 123  50 123  16  78  25  15  84  72  38  30
  17  26   9  63 110 121  23  46  17  30  68  37  18  74  22  32 115  57
  10 139  16  38 103  80  76 104  67  94  12  17  46  95  12  72 119 135
  16  74 136  59  40   6  42 111  52 104  27   5  28  44 135   7  19  13
  63 136 136 114 104 108 101 111 117 119  73 140 140 128  52  92  47  31
 110  97  99  38  87 127  74 129 108  45 108   9  42  82 118 115  42 111
  71  10  21  94  85 120  47  81 127 142  44  22  47  82 104  31  34 140
 140  90 125  84  46   1 140  15 133  70  10   0   5 115  91  41  71]
Best cluster:  [1 2 2 2 3 4 1 1 4 1 1 1 4 3 5 3 1 2 2 2 1 3 3 1 1 4 2 2 2 3 2 1 3 3 3 1 1
 3 1 1 1 3 3 3 3 6 4 2 4 3 4 3 3 2 1 1 1 1 1 1 3 6 3 3 2 4 2 3 2 1 2 3 3 1
 1 1 3 3 1 6 3 3 1 5 5 5 3 6 1 1 3 5 6 1 6 3 1 5 3 6 3 1 3 1 3 3 3 6 3 1 3
 6 5 1 1 3 3 3 3 3 1 1 3 1 3 5 5 3 5 5 4 2 5 3 3 2 1 1 4 3 5 3 3]
Time:  47.099520683288574
NFE:  3000
BEST: 0.5324763158640554
AVG: 0.5149004583527642
AVG DURATION: 50.33211526870728
AVG NFE: 3000.0
