=== Start repeat [ 0 ] ===
========Number of cpu: 20===========
Use10 cores.
Best Modularity:  0.500170046556686
Best Cluster:  [1 2 2 2 3 4 4 5 4 3 4 4 4 3 6 3 1 2 2 2 1 3 7 1 1 4 2 2 2 8 2 4 7 7 3 1 4
 8 1 1 1 7 3 8 3 1 4 2 4 3 4 3 3 2 1 4 3 1 4 1 5 5 3 3 2 4 2 3 2 1 2 3 3 4
 4 1 8 8 3 5 7 7 3 6 6 6 7 5 1 1 7 6 1 5 5 6 3 6 1 1 1 3 3 3 3 7 3 4 1 1 7
 5 6 3 7 7 3 3 3 7 3 5 3 1 3 6 6 1 6 6 4 2 6 6 6 2 4 1 4 6 6 3 3]
Time:  128.37261033058167
NFE:  4234
=== Start repeat [ 1 ] ===
========Number of cpu: 20===========
Use10 cores.
Best Modularity:  0.4553228436937203
Best Cluster:  [1 2 2 2 3 4 1 4 4 1 4 4 5 4 6 4 1 2 2 2 1 3 3 1 1 4 2 2 2 3 2 4 3 7 5 1 4
 3 1 1 1 7 5 5 5 5 4 1 4 4 4 5 5 2 1 4 5 1 4 1 1 5 5 4 2 4 2 3 2 1 2 3 4 4
 4 1 5 3 1 4 7 3 1 6 6 6 3 5 1 1 3 6 5 4 5 6 4 6 1 5 5 1 5 1 5 3 5 5 5 5 3
 4 6 1 1 3 5 5 5 3 1 5 3 4 2 6 6 6 6 6 4 4 6 3 3 2 4 5 5 3 6 5 3]
Time:  114.08414816856384
NFE:  4276
=== Start repeat [ 2 ] ===
========Number of cpu: 20===========
Use10 cores.
Best Modularity:  0.45882683334664504
Best Cluster:  [1 1 1 1 2 3 3 4 3 2 2 3 3 1 5 3 2 1 1 1 4 2 2 3 2 3 1 1 1 2 1 3 2 2 6 2 3
 2 2 2 4 2 4 2 6 4 3 1 3 1 4 4 6 1 2 3 4 2 3 2 4 4 6 3 1 3 1 1 1 2 1 1 1 3
 3 2 2 3 4 4 2 2 4 5 5 5 2 4 2 4 2 5 2 4 4 5 3 5 4 2 4 4 4 2 3 2 6 4 4 4 2
 4 5 4 2 2 4 6 6 2 4 4 1 2 1 5 5 2 5 5 3 1 5 1 1 1 3 2 3 1 5 6 6]
Time:  110.73906135559082
NFE:  4264
=== Start repeat [ 3 ] ===
========Number of cpu: 20===========
Use10 cores.
Best Modularity:  0.4779429004274351
Best Cluster:  [1 1 1 1 1 2 3 4 3 3 3 3 4 2 5 2 3 1 1 1 3 5 6 3 3 2 1 1 1 2 1 3 6 7 2 3 3
 5 3 3 3 7 3 2 2 3 4 1 4 2 4 3 3 1 3 4 3 3 3 3 3 3 3 2 1 4 1 2 1 3 1 1 2 3
 4 2 3 3 3 4 7 6 3 5 5 5 6 3 2 3 6 5 3 3 3 5 2 5 3 3 3 3 3 3 2 6 2 3 3 3 6
 4 5 3 3 6 3 2 2 6 3 3 2 3 2 5 5 3 5 5 4 1 5 5 1 1 3 3 4 5 5 3 2]
Time:  104.47528839111328
NFE:  4232
=== Start repeat [ 4 ] ===
========Number of cpu: 20===========
Use10 cores.
Best Modularity:  0.46843446379940684
Best Cluster:  [ 1  2  2  2  1  3  4  4  3  4  4  4  4  3  5  3  4  2  2  2  4  3  6  4
  4  3  2  2  2  7  2  4  6  8  3  4  4  3  4  4  4  8  9  7  3  4  3  2
  4  3  4  3  3  2  4  4  4  4  4  4  9  4  3  3  3  4  2  3  2  4  2  1
  3  4  4  4 10  7  4  4  8 10  4  5  5  5 11  4  4  9  6  5  9  4  4 12
  4  5 10  9  9  4  9  4  3 11  3  4  9  4  6  4  5  4  4 11  9  3  3  6
  4  4  3  4  3  5  5 12  5  5  4  2  5  1  1  2  4  4  4  3  5  3  3]
Time:  159.33803176879883
NFE:  4236
BEST: 0.500170046556686
AVG: 0.4721394175647786
AVG DURATION: 123.40182800292969
AVG NFE: 4248.4
